{
 "cells": [
  {
   "cell_type": "markdown",
   "id": "9d27d34b-66d6-42ab-9b25-9f716aad7fba",
   "metadata": {},
   "source": [
    "# Example to get energies (total, electronic, nuclear, heat of formation, orbital), charges, dipole, forces, density matrix."
   ]
  },
  {
   "cell_type": "code",
   "execution_count": 2,
   "id": "3adb4c7f-91e0-4bd5-a479-38ba12ba4a0b",
   "metadata": {},
   "outputs": [],
   "source": [
    "import torch\n",
    "from seqm.seqm_functions.constants import Constants\n",
    "from seqm.Molecule import Molecule\n",
    "from seqm.ElectronicStructure import Electronic_Structure\n",
    "torch.set_default_dtype(torch.float64)\n",
    "if torch.cuda.is_available():\n",
    "    device = torch.device('cuda')\n",
    "else:\n",
    "    device = torch.device('cpu')\n",
    "    \n",
    "#device = torch.device('cpu')"
   ]
  },
  {
   "cell_type": "code",
   "execution_count": 3,
   "id": "39b07b14-8393-4bb4-bf87-75c00c060e11",
   "metadata": {
    "scrolled": true,
    "tags": []
   },
   "outputs": [
    {
     "name": "stdout",
     "output_type": "stream",
     "text": [
      "scf direct step  :  32 | E[   0]: -864.99403762 | MAX ΔE[   0]:  -0.00000000 | MAX ΔDM[   2]:    0.0000017 | MAX ΔDM_ij[   0]:  0.0000091  | N not converged: 0\n",
      "CPU times: user 70.3 ms, sys: 26 ms, total: 96.4 ms\n",
      "Wall time: 89.9 ms\n"
     ]
    }
   ],
   "source": [
    "%%time\n",
    "\n",
    "### create molecule object:\n",
    "species = torch.as_tensor([[8,6,1,1],\n",
    "                           [8,6,1,1],\n",
    "                           [8,8,6,0]], # zero-padding for batching\n",
    "                          dtype=torch.int64, device=device)\n",
    "\n",
    "coordinates = torch.tensor([\n",
    "                              [\n",
    "                               [0.00,    0.00,    0.00],\n",
    "                               [1.22,    0.00,    0.00],\n",
    "                               [1.82,    0.94,    0.00],\n",
    "                               [1.82,   -0.94,    0.00]\n",
    "                              ],\n",
    "                              [\n",
    "                               [0.00,    0.00,    0.00],\n",
    "                               [1.22,    0.00,    0.00],\n",
    "                               [1.82,    0.94,    0.00],\n",
    "                               [1.82,   -0.94,    0.00]\n",
    "                              ],\n",
    "                              [\n",
    "                               [0.00,    0.00,    0.00],\n",
    "                               [1.23,    0.00,    0.00],\n",
    "                               [1.82,    0.94,    0.00],\n",
    "                               [0.0,0.0,0.0]            # zero-padding for batching\n",
    "                              ]\n",
    "                            ], device=device)\n",
    "\n",
    "const = Constants().to(device)\n",
    "\n",
    "seqm_parameters = {\n",
    "                   'method' : 'AM1',  # AM1, MNDO, PM3, PM6, PM6_SP. PM6_SP is PM6 without d-orbitals. Effectively, PM6 for the first two rows of periodic table\n",
    "                   'scf_eps' : 1.0e-6,  # unit eV, change of electric energy, as nuclear energy doesnt' change during SCF\n",
    "                   'scf_converger' : [0,0.0], # converger used for scf loop\n",
    "                                         # [0, 0.1], [0, alpha] constant mixing, P = alpha*P + (1.0-alpha)*Pnew\n",
    "                                         # [1], adaptive mixing\n",
    "                                         # [2], adaptive mixing, then pulay\n",
    "                   'sp2' : [False, 1.0e-5],  # whether to use sp2 algorithm in scf loop,\n",
    "                                            #[True, eps] or [False], eps for SP2 conve criteria\n",
    "                   'learned' : [], # learned parameters name list, e.g ['U_ss']\n",
    "                   #'parameter_file_dir' : '../seqm/params/', # file directory for other required parameters\n",
    "                   'pair_outer_cutoff' : 1.0e10, # consistent with the unit on coordinates\n",
    "                   'eig' : True, # store orbital energies\n",
    "                   }\n",
    "\n",
    "molecules = Molecule(const, seqm_parameters, coordinates, species).to(device)\n",
    "\n",
    "### Create electronic structure driver:\n",
    "esdriver = Electronic_Structure(seqm_parameters).to(device)\n",
    "\n",
    "### Run esdriver on molecules:\n",
    "esdriver(molecules)"
   ]
  },
  {
   "cell_type": "code",
   "execution_count": 4,
   "id": "eca8583f-74aa-4474-9cf0-3bf78dd6f5df",
   "metadata": {},
   "outputs": [
    {
     "data": {
      "text/plain": [
       "tensor([6, 6, 8])"
      ]
     },
     "execution_count": 4,
     "metadata": {},
     "output_type": "execute_result"
    }
   ],
   "source": [
    "molecules.nocc"
   ]
  },
  {
   "cell_type": "code",
   "execution_count": 5,
   "id": "f76a6ee0-d8dc-4142-933c-7b5cfe309f6f",
   "metadata": {
    "scrolled": true,
    "tags": []
   },
   "outputs": [
    {
     "name": "stdout",
     "output_type": "stream",
     "text": [
      " Total Energy (eV):\n",
      " tensor([-475.5819, -475.5819, -759.2461])\n",
      "\n",
      " Electronic Energy (eV):  tensor([ -864.9940,  -864.9940, -1504.4581])\n",
      "\n",
      " Nuclear Energy (eV):\n",
      " tensor([389.4122, 389.4122, 745.2120])\n",
      "\n",
      " Heat of Formation (ev):\n",
      " tensor([-1.3620, -1.3620,  6.3444])\n",
      "\n",
      " HOMO-LUMO gap (eV):\n",
      " tensor([11.5926, 11.5926,  9.3511])\n",
      "\n",
      " Orbital energies (eV):\n",
      " tensor([[-39.2320, -25.0148, -17.1717, -16.2774, -14.6391, -10.7560,   0.8365,\n",
      "           3.1526,   3.9792,   6.0948,   0.0000,   0.0000,   0.0000,   0.0000,\n",
      "           0.0000,   0.0000],\n",
      "        [-39.2320, -25.0148, -17.1717, -16.2774, -14.6391, -10.7560,   0.8365,\n",
      "           3.1526,   3.9792,   6.0948,   0.0000,   0.0000,   0.0000,   0.0000,\n",
      "           0.0000,   0.0000],\n",
      "        [-46.6531, -35.1909, -24.5378, -20.3546, -20.2776, -15.5338, -11.1725,\n",
      "         -11.1534,  -1.8023,  -0.0903,   2.2116,   6.4507,   0.0000,   0.0000,\n",
      "           0.0000,   0.0000]])\n",
      "\n",
      " Charges:\n",
      " tensor([[-0.2727,  0.1406,  0.0661,  0.0661],\n",
      "        [-0.2727,  0.1406,  0.0661,  0.0661],\n",
      "        [-0.4915,  0.1920,  0.2994,  0.0000]])\n",
      "\n",
      " Dipole:\n",
      " tensor([[ 4.1194e-01, -8.3267e-16,  0.0000e+00],\n",
      "        [ 4.1194e-01, -8.3267e-16,  0.0000e+00],\n",
      "        [ 7.8121e-01,  2.8148e-01,  0.0000e+00]])\n",
      "\n",
      " Forces (eV/A):\n",
      " tensor([[[-7.4786e-01,  1.3378e-14, -5.8942e-15],\n",
      "         [ 9.1517e-01,  5.0118e-15,  7.9475e-15],\n",
      "         [-8.3652e-02, -9.7941e-02, -6.0420e-15],\n",
      "         [-8.3652e-02,  9.7941e-02,  3.9887e-15]],\n",
      "\n",
      "        [[-7.4786e-01,  1.3378e-14, -5.8942e-15],\n",
      "         [ 9.1517e-01,  5.0118e-15,  7.9475e-15],\n",
      "         [-8.3652e-02, -9.7941e-02, -6.0420e-15],\n",
      "         [-8.3652e-02,  9.7941e-02,  3.9887e-15]],\n",
      "\n",
      "        [[-4.4480e+00, -2.1078e+00,  1.0201e-15],\n",
      "         [-7.2374e+00, -1.2116e+01,  1.1535e-14],\n",
      "         [ 1.1685e+01,  1.4224e+01, -1.2555e-14],\n",
      "         [-0.0000e+00, -0.0000e+00, -0.0000e+00]]])\n"
     ]
    }
   ],
   "source": [
    "print(' Total Energy (eV):\\n', molecules.Etot)\n",
    "print('\\n Electronic Energy (eV): ', molecules.Eelec)\n",
    "print('\\n Nuclear Energy (eV):\\n', molecules.Enuc)\n",
    "print('\\n Heat of Formation (ev):\\n', molecules.Hf)\n",
    "print('\\n HOMO-LUMO gap (eV):\\n', molecules.e_gap)\n",
    "print('\\n Orbital energies (eV):\\n', molecules.e_mo)\n",
    "print('\\n Charges:\\n', molecules.q)\n",
    "print('\\n Dipole:\\n', molecules.d)\n",
    "print('\\n Forces (eV/A):\\n', molecules.force)"
   ]
  },
  {
   "cell_type": "code",
   "execution_count": 6,
   "id": "74537d21-d1b4-4671-9ae0-d327bb88ebef",
   "metadata": {
    "scrolled": true,
    "tags": []
   },
   "outputs": [
    {
     "name": "stdout",
     "output_type": "stream",
     "text": [
      "\n",
      " Density matrix:\n",
      " tensor([[[ 1.9076e+00, -2.7516e-01,  2.2050e-16, -1.3169e-16,  1.3504e-01,\n",
      "          -2.8679e-01,  7.7822e-16, -3.7068e-17,  6.1923e-03,  0.0000e+00,\n",
      "           0.0000e+00,  0.0000e+00,  6.1923e-03,  0.0000e+00,  0.0000e+00,\n",
      "           0.0000e+00],\n",
      "         [-2.7516e-01,  1.1584e+00, -1.8598e-16,  4.2720e-17,  5.0980e-01,\n",
      "          -7.8705e-01, -7.7202e-17, -2.7444e-16, -9.9626e-02,  0.0000e+00,\n",
      "           0.0000e+00,  0.0000e+00, -9.9626e-02,  0.0000e+00,  0.0000e+00,\n",
      "           0.0000e+00],\n",
      "         [ 2.2050e-16, -1.8598e-16,  1.9075e+00, -4.3339e-16,  5.2737e-16,\n",
      "           6.3222e-16,  3.0871e-01,  9.5402e-16, -2.0135e-01,  0.0000e+00,\n",
      "           0.0000e+00,  0.0000e+00,  2.0135e-01,  0.0000e+00,  0.0000e+00,\n",
      "           0.0000e+00],\n",
      "         [-1.3169e-16,  4.2720e-17, -4.3339e-16,  1.2991e+00,  2.2016e-17,\n",
      "          -2.7600e-17,  9.8450e-17,  9.5421e-01,  4.1693e-16,  0.0000e+00,\n",
      "           0.0000e+00,  0.0000e+00, -5.9944e-16,  0.0000e+00,  0.0000e+00,\n",
      "           0.0000e+00],\n",
      "         [ 1.3504e-01,  5.0980e-01,  5.2737e-16,  2.2016e-17,  1.2809e+00,\n",
      "           9.4782e-02,  1.0283e-16, -2.4917e-16,  5.6303e-01,  0.0000e+00,\n",
      "           0.0000e+00,  0.0000e+00,  5.6303e-01,  0.0000e+00,  0.0000e+00,\n",
      "           0.0000e+00],\n",
      "         [-2.8679e-01, -7.8705e-01,  6.3222e-16, -2.7600e-17,  9.4782e-02,\n",
      "           9.0836e-01, -8.2297e-18,  1.2681e-16,  3.7478e-01,  0.0000e+00,\n",
      "           0.0000e+00,  0.0000e+00,  3.7478e-01,  0.0000e+00,  0.0000e+00,\n",
      "           0.0000e+00],\n",
      "         [ 7.7822e-16, -7.7202e-17,  3.0871e-01,  9.8450e-17,  1.0283e-16,\n",
      "          -8.2297e-18,  9.6936e-01, -9.8809e-16,  6.7222e-01,  0.0000e+00,\n",
      "           0.0000e+00,  0.0000e+00, -6.7222e-01,  0.0000e+00,  0.0000e+00,\n",
      "           0.0000e+00],\n",
      "         [-3.7068e-17, -2.7444e-16,  9.5402e-16,  9.5421e-01, -2.4917e-16,\n",
      "           1.2681e-16, -9.8809e-16,  7.0086e-01, -8.4935e-16,  0.0000e+00,\n",
      "           0.0000e+00,  0.0000e+00,  6.1423e-16,  0.0000e+00,  0.0000e+00,\n",
      "           0.0000e+00],\n",
      "         [ 6.1923e-03, -9.9626e-02, -2.0135e-01,  4.1693e-16,  5.6303e-01,\n",
      "           3.7478e-01,  6.7222e-01, -8.4935e-16,  9.3394e-01,  0.0000e+00,\n",
      "           0.0000e+00,  0.0000e+00, -1.8917e-01,  0.0000e+00,  0.0000e+00,\n",
      "           0.0000e+00],\n",
      "         [ 0.0000e+00,  0.0000e+00,  0.0000e+00,  0.0000e+00,  0.0000e+00,\n",
      "           0.0000e+00,  0.0000e+00,  0.0000e+00,  0.0000e+00,  0.0000e+00,\n",
      "           0.0000e+00,  0.0000e+00,  0.0000e+00,  0.0000e+00,  0.0000e+00,\n",
      "           0.0000e+00],\n",
      "         [ 0.0000e+00,  0.0000e+00,  0.0000e+00,  0.0000e+00,  0.0000e+00,\n",
      "           0.0000e+00,  0.0000e+00,  0.0000e+00,  0.0000e+00,  0.0000e+00,\n",
      "           0.0000e+00,  0.0000e+00,  0.0000e+00,  0.0000e+00,  0.0000e+00,\n",
      "           0.0000e+00],\n",
      "         [ 0.0000e+00,  0.0000e+00,  0.0000e+00,  0.0000e+00,  0.0000e+00,\n",
      "           0.0000e+00,  0.0000e+00,  0.0000e+00,  0.0000e+00,  0.0000e+00,\n",
      "           0.0000e+00,  0.0000e+00,  0.0000e+00,  0.0000e+00,  0.0000e+00,\n",
      "           0.0000e+00],\n",
      "         [ 6.1923e-03, -9.9626e-02,  2.0135e-01, -5.9944e-16,  5.6303e-01,\n",
      "           3.7478e-01, -6.7222e-01,  6.1423e-16, -1.8917e-01,  0.0000e+00,\n",
      "           0.0000e+00,  0.0000e+00,  9.3394e-01,  0.0000e+00,  0.0000e+00,\n",
      "           0.0000e+00],\n",
      "         [ 0.0000e+00,  0.0000e+00,  0.0000e+00,  0.0000e+00,  0.0000e+00,\n",
      "           0.0000e+00,  0.0000e+00,  0.0000e+00,  0.0000e+00,  0.0000e+00,\n",
      "           0.0000e+00,  0.0000e+00,  0.0000e+00,  0.0000e+00,  0.0000e+00,\n",
      "           0.0000e+00],\n",
      "         [ 0.0000e+00,  0.0000e+00,  0.0000e+00,  0.0000e+00,  0.0000e+00,\n",
      "           0.0000e+00,  0.0000e+00,  0.0000e+00,  0.0000e+00,  0.0000e+00,\n",
      "           0.0000e+00,  0.0000e+00,  0.0000e+00,  0.0000e+00,  0.0000e+00,\n",
      "           0.0000e+00],\n",
      "         [ 0.0000e+00,  0.0000e+00,  0.0000e+00,  0.0000e+00,  0.0000e+00,\n",
      "           0.0000e+00,  0.0000e+00,  0.0000e+00,  0.0000e+00,  0.0000e+00,\n",
      "           0.0000e+00,  0.0000e+00,  0.0000e+00,  0.0000e+00,  0.0000e+00,\n",
      "           0.0000e+00]],\n",
      "\n",
      "        [[ 1.9076e+00, -2.7516e-01,  2.2050e-16, -1.3169e-16,  1.3504e-01,\n",
      "          -2.8679e-01,  7.7822e-16, -3.7068e-17,  6.1923e-03,  0.0000e+00,\n",
      "           0.0000e+00,  0.0000e+00,  6.1923e-03,  0.0000e+00,  0.0000e+00,\n",
      "           0.0000e+00],\n",
      "         [-2.7516e-01,  1.1584e+00, -1.8598e-16,  4.2720e-17,  5.0980e-01,\n",
      "          -7.8705e-01, -7.7202e-17, -2.7444e-16, -9.9626e-02,  0.0000e+00,\n",
      "           0.0000e+00,  0.0000e+00, -9.9626e-02,  0.0000e+00,  0.0000e+00,\n",
      "           0.0000e+00],\n",
      "         [ 2.2050e-16, -1.8598e-16,  1.9075e+00, -4.3339e-16,  5.2737e-16,\n",
      "           6.3222e-16,  3.0871e-01,  9.5402e-16, -2.0135e-01,  0.0000e+00,\n",
      "           0.0000e+00,  0.0000e+00,  2.0135e-01,  0.0000e+00,  0.0000e+00,\n",
      "           0.0000e+00],\n",
      "         [-1.3169e-16,  4.2720e-17, -4.3339e-16,  1.2991e+00,  2.2016e-17,\n",
      "          -2.7600e-17,  9.8450e-17,  9.5421e-01,  4.1693e-16,  0.0000e+00,\n",
      "           0.0000e+00,  0.0000e+00, -5.9944e-16,  0.0000e+00,  0.0000e+00,\n",
      "           0.0000e+00],\n",
      "         [ 1.3504e-01,  5.0980e-01,  5.2737e-16,  2.2016e-17,  1.2809e+00,\n",
      "           9.4782e-02,  1.0283e-16, -2.4917e-16,  5.6303e-01,  0.0000e+00,\n",
      "           0.0000e+00,  0.0000e+00,  5.6303e-01,  0.0000e+00,  0.0000e+00,\n",
      "           0.0000e+00],\n",
      "         [-2.8679e-01, -7.8705e-01,  6.3222e-16, -2.7600e-17,  9.4782e-02,\n",
      "           9.0836e-01, -8.2297e-18,  1.2681e-16,  3.7478e-01,  0.0000e+00,\n",
      "           0.0000e+00,  0.0000e+00,  3.7478e-01,  0.0000e+00,  0.0000e+00,\n",
      "           0.0000e+00],\n",
      "         [ 7.7822e-16, -7.7202e-17,  3.0871e-01,  9.8450e-17,  1.0283e-16,\n",
      "          -8.2297e-18,  9.6936e-01, -9.8809e-16,  6.7222e-01,  0.0000e+00,\n",
      "           0.0000e+00,  0.0000e+00, -6.7222e-01,  0.0000e+00,  0.0000e+00,\n",
      "           0.0000e+00],\n",
      "         [-3.7068e-17, -2.7444e-16,  9.5402e-16,  9.5421e-01, -2.4917e-16,\n",
      "           1.2681e-16, -9.8809e-16,  7.0086e-01, -8.4935e-16,  0.0000e+00,\n",
      "           0.0000e+00,  0.0000e+00,  6.1423e-16,  0.0000e+00,  0.0000e+00,\n",
      "           0.0000e+00],\n",
      "         [ 6.1923e-03, -9.9626e-02, -2.0135e-01,  4.1693e-16,  5.6303e-01,\n",
      "           3.7478e-01,  6.7222e-01, -8.4935e-16,  9.3394e-01,  0.0000e+00,\n",
      "           0.0000e+00,  0.0000e+00, -1.8917e-01,  0.0000e+00,  0.0000e+00,\n",
      "           0.0000e+00],\n",
      "         [ 0.0000e+00,  0.0000e+00,  0.0000e+00,  0.0000e+00,  0.0000e+00,\n",
      "           0.0000e+00,  0.0000e+00,  0.0000e+00,  0.0000e+00,  0.0000e+00,\n",
      "           0.0000e+00,  0.0000e+00,  0.0000e+00,  0.0000e+00,  0.0000e+00,\n",
      "           0.0000e+00],\n",
      "         [ 0.0000e+00,  0.0000e+00,  0.0000e+00,  0.0000e+00,  0.0000e+00,\n",
      "           0.0000e+00,  0.0000e+00,  0.0000e+00,  0.0000e+00,  0.0000e+00,\n",
      "           0.0000e+00,  0.0000e+00,  0.0000e+00,  0.0000e+00,  0.0000e+00,\n",
      "           0.0000e+00],\n",
      "         [ 0.0000e+00,  0.0000e+00,  0.0000e+00,  0.0000e+00,  0.0000e+00,\n",
      "           0.0000e+00,  0.0000e+00,  0.0000e+00,  0.0000e+00,  0.0000e+00,\n",
      "           0.0000e+00,  0.0000e+00,  0.0000e+00,  0.0000e+00,  0.0000e+00,\n",
      "           0.0000e+00],\n",
      "         [ 6.1923e-03, -9.9626e-02,  2.0135e-01, -5.9944e-16,  5.6303e-01,\n",
      "           3.7478e-01, -6.7222e-01,  6.1423e-16, -1.8917e-01,  0.0000e+00,\n",
      "           0.0000e+00,  0.0000e+00,  9.3394e-01,  0.0000e+00,  0.0000e+00,\n",
      "           0.0000e+00],\n",
      "         [ 0.0000e+00,  0.0000e+00,  0.0000e+00,  0.0000e+00,  0.0000e+00,\n",
      "           0.0000e+00,  0.0000e+00,  0.0000e+00,  0.0000e+00,  0.0000e+00,\n",
      "           0.0000e+00,  0.0000e+00,  0.0000e+00,  0.0000e+00,  0.0000e+00,\n",
      "           0.0000e+00],\n",
      "         [ 0.0000e+00,  0.0000e+00,  0.0000e+00,  0.0000e+00,  0.0000e+00,\n",
      "           0.0000e+00,  0.0000e+00,  0.0000e+00,  0.0000e+00,  0.0000e+00,\n",
      "           0.0000e+00,  0.0000e+00,  0.0000e+00,  0.0000e+00,  0.0000e+00,\n",
      "           0.0000e+00],\n",
      "         [ 0.0000e+00,  0.0000e+00,  0.0000e+00,  0.0000e+00,  0.0000e+00,\n",
      "           0.0000e+00,  0.0000e+00,  0.0000e+00,  0.0000e+00,  0.0000e+00,\n",
      "           0.0000e+00,  0.0000e+00,  0.0000e+00,  0.0000e+00,  0.0000e+00,\n",
      "           0.0000e+00]],\n",
      "\n",
      "        [[ 1.9705e+00, -1.6403e-01,  4.9194e-03,  3.8634e-17,  1.5981e-02,\n",
      "          -1.4869e-01, -2.6385e-02, -5.1673e-19,  3.5866e-02,  1.2699e-02,\n",
      "          -8.2249e-02,  1.9698e-17,  0.0000e+00,  0.0000e+00,  0.0000e+00,\n",
      "           0.0000e+00],\n",
      "         [-1.6403e-01,  6.5743e-01, -4.1406e-02, -1.2893e-16,  3.7847e-01,\n",
      "          -7.8614e-01, -8.7133e-03, -5.1562e-18,  8.7602e-02, -1.3004e-01,\n",
      "           2.6098e-01, -7.2231e-17,  0.0000e+00,  0.0000e+00,  0.0000e+00,\n",
      "           0.0000e+00],\n",
      "         [ 4.9194e-03, -4.1406e-02,  1.9723e+00, -2.8350e-17,  7.0388e-02,\n",
      "           1.7484e-02,  1.2026e-01,  7.3084e-17, -6.1056e-02,  1.0918e-01,\n",
      "           1.3250e-01, -5.2797e-17,  0.0000e+00,  0.0000e+00,  0.0000e+00,\n",
      "           0.0000e+00],\n",
      "         [ 3.8634e-17, -1.2893e-16, -2.8350e-17,  1.8913e+00,  5.7948e-17,\n",
      "           8.6435e-17,  5.4906e-17,  2.4656e-01, -7.3787e-17,  4.1611e-18,\n",
      "           5.8808e-17, -3.8046e-01,  0.0000e+00,  0.0000e+00,  0.0000e+00,\n",
      "           0.0000e+00],\n",
      "         [ 1.5981e-02,  3.7847e-01,  7.0388e-02,  5.7948e-17,  1.7515e+00,\n",
      "           7.6802e-02, -2.3671e-01, -7.8580e-17,  1.1845e-01, -1.1396e-01,\n",
      "          -4.4486e-01,  7.8863e-17,  0.0000e+00,  0.0000e+00,  0.0000e+00,\n",
      "           0.0000e+00],\n",
      "         [-1.4869e-01, -7.8614e-01,  1.7484e-02,  8.6435e-17,  7.6802e-02,\n",
      "           1.2363e+00, -6.5513e-02, -7.7493e-17,  1.5901e-01,  2.0422e-01,\n",
      "          -4.7597e-01,  1.0697e-16,  0.0000e+00,  0.0000e+00,  0.0000e+00,\n",
      "           0.0000e+00],\n",
      "         [-2.6385e-02, -8.7133e-03,  1.2026e-01,  5.4906e-17, -2.3671e-01,\n",
      "          -6.5513e-02,  1.3796e+00, -8.2118e-17,  2.8734e-01, -7.6770e-01,\n",
      "          -3.2931e-01,  7.1450e-17,  0.0000e+00,  0.0000e+00,  0.0000e+00,\n",
      "           0.0000e+00],\n",
      "         [-5.1673e-19, -5.1562e-18,  7.3084e-17,  2.4656e-01, -7.8580e-17,\n",
      "          -7.7493e-17, -8.2118e-17,  1.4406e+00,  2.1849e-17, -4.5281e-17,\n",
      "           6.1034e-16,  8.6318e-01,  0.0000e+00,  0.0000e+00,  0.0000e+00,\n",
      "           0.0000e+00],\n",
      "         [ 3.5866e-02,  8.7602e-02, -6.1056e-02, -7.3787e-17,  1.1845e-01,\n",
      "           1.5901e-01,  2.8734e-01,  2.1849e-17,  1.8403e+00,  2.6775e-01,\n",
      "           2.9598e-01, -9.0510e-17,  0.0000e+00,  0.0000e+00,  0.0000e+00,\n",
      "           0.0000e+00],\n",
      "         [ 1.2699e-02, -1.3004e-01,  1.0918e-01,  4.1611e-18, -1.1396e-01,\n",
      "           2.0422e-01, -7.6770e-01, -4.5281e-17,  2.6775e-01,  6.1576e-01,\n",
      "           3.2807e-01, -1.7042e-16,  0.0000e+00,  0.0000e+00,  0.0000e+00,\n",
      "           0.0000e+00],\n",
      "         [-8.2249e-02,  2.6098e-01,  1.3250e-01,  5.8808e-17, -4.4486e-01,\n",
      "          -4.7597e-01, -3.2931e-01,  6.1034e-16,  2.9598e-01,  3.2807e-01,\n",
      "           5.7639e-01,  1.5011e-16,  0.0000e+00,  0.0000e+00,  0.0000e+00,\n",
      "           0.0000e+00],\n",
      "         [ 1.9698e-17, -7.2231e-17, -5.2797e-17, -3.8046e-01,  7.8863e-17,\n",
      "           1.0697e-16,  7.1450e-17,  8.6318e-01, -9.0510e-17, -1.7042e-16,\n",
      "           1.5011e-16,  6.6808e-01,  0.0000e+00,  0.0000e+00,  0.0000e+00,\n",
      "           0.0000e+00],\n",
      "         [ 0.0000e+00,  0.0000e+00,  0.0000e+00,  0.0000e+00,  0.0000e+00,\n",
      "           0.0000e+00,  0.0000e+00,  0.0000e+00,  0.0000e+00,  0.0000e+00,\n",
      "           0.0000e+00,  0.0000e+00,  0.0000e+00,  0.0000e+00,  0.0000e+00,\n",
      "           0.0000e+00],\n",
      "         [ 0.0000e+00,  0.0000e+00,  0.0000e+00,  0.0000e+00,  0.0000e+00,\n",
      "           0.0000e+00,  0.0000e+00,  0.0000e+00,  0.0000e+00,  0.0000e+00,\n",
      "           0.0000e+00,  0.0000e+00,  0.0000e+00,  0.0000e+00,  0.0000e+00,\n",
      "           0.0000e+00],\n",
      "         [ 0.0000e+00,  0.0000e+00,  0.0000e+00,  0.0000e+00,  0.0000e+00,\n",
      "           0.0000e+00,  0.0000e+00,  0.0000e+00,  0.0000e+00,  0.0000e+00,\n",
      "           0.0000e+00,  0.0000e+00,  0.0000e+00,  0.0000e+00,  0.0000e+00,\n",
      "           0.0000e+00],\n",
      "         [ 0.0000e+00,  0.0000e+00,  0.0000e+00,  0.0000e+00,  0.0000e+00,\n",
      "           0.0000e+00,  0.0000e+00,  0.0000e+00,  0.0000e+00,  0.0000e+00,\n",
      "           0.0000e+00,  0.0000e+00,  0.0000e+00,  0.0000e+00,  0.0000e+00,\n",
      "           0.0000e+00]]])\n"
     ]
    }
   ],
   "source": [
    "print('\\n Density matrix:\\n', molecules.dm)"
   ]
  },
  {
   "cell_type": "code",
   "execution_count": 7,
   "id": "11adc003-5c2e-427d-ab14-534d7392e4c4",
   "metadata": {},
   "outputs": [
    {
     "data": {
      "text/plain": [
       "Parameter containing:\n",
       "tensor([[[ 0.0000,  0.0000,  0.0000],\n",
       "         [ 1.2200,  0.0000,  0.0000],\n",
       "         [ 1.8200,  0.9400,  0.0000],\n",
       "         [ 1.8200, -0.9400,  0.0000]],\n",
       "\n",
       "        [[ 0.0000,  0.0000,  0.0000],\n",
       "         [ 1.2200,  0.0000,  0.0000],\n",
       "         [ 1.8200,  0.9400,  0.0000],\n",
       "         [ 1.8200, -0.9400,  0.0000]],\n",
       "\n",
       "        [[ 0.0000,  0.0000,  0.0000],\n",
       "         [ 1.2300,  0.0000,  0.0000],\n",
       "         [ 1.8200,  0.9400,  0.0000],\n",
       "         [ 0.0000,  0.0000,  0.0000]]], requires_grad=True)"
      ]
     },
     "execution_count": 7,
     "metadata": {},
     "output_type": "execute_result"
    }
   ],
   "source": [
    "molecules.coordinates"
   ]
  }
 ],
 "metadata": {
  "kernelspec": {
   "display_name": "base",
   "language": "python",
   "name": "python3"
  },
  "language_info": {
   "codemirror_mode": {
    "name": "ipython",
    "version": 3
   },
   "file_extension": ".py",
   "mimetype": "text/x-python",
   "name": "python",
   "nbconvert_exporter": "python",
   "pygments_lexer": "ipython3",
   "version": "3.11.10"
  }
 },
 "nbformat": 4,
 "nbformat_minor": 5
}
