{
 "cells": [
  {
   "cell_type": "markdown",
   "id": "9d27d34b-66d6-42ab-9b25-9f716aad7fba",
   "metadata": {},
   "source": [
    "# Example to get energies (total, electronic, nuclear, heat of formation, orbital), charges, dipole, forces, density matrix."
   ]
  },
  {
   "cell_type": "code",
   "execution_count": 1,
   "id": "3adb4c7f-91e0-4bd5-a479-38ba12ba4a0b",
   "metadata": {},
   "outputs": [
    {
     "name": "stderr",
     "output_type": "stream",
     "text": [
      "/home/maxim/anaconda3/envs/hipnn_1/lib/python3.9/site-packages/tqdm/auto.py:21: TqdmWarning: IProgress not found. Please update jupyter and ipywidgets. See https://ipywidgets.readthedocs.io/en/stable/user_install.html\n",
      "  from .autonotebook import tqdm as notebook_tqdm\n"
     ]
    }
   ],
   "source": [
    "import sys\n",
    "### path to PYSEQM ###\n",
    "sys.path.insert(1, \"/home/maxim/Projects/git2/PYSEQM_dev/\")\n",
    "import torch\n",
    "from seqm.seqm_functions.constants import Constants\n",
    "from seqm.Molecule import Molecule\n",
    "from seqm.ElectronicStructure import Electronic_Structure\n",
    "torch.set_default_dtype(torch.float64)\n",
    "if torch.cuda.is_available():\n",
    "    device = torch.device('cuda')\n",
    "else:\n",
    "    device = torch.device('cpu')\n",
    "    \n",
    "#device = torch.device('cpu')"
   ]
  },
  {
   "cell_type": "code",
   "execution_count": 2,
   "id": "39b07b14-8393-4bb4-bf87-75c00c060e11",
   "metadata": {
    "scrolled": true,
    "tags": []
   },
   "outputs": [
    {
     "name": "stdout",
     "output_type": "stream",
     "text": [
      "CPU times: user 1.87 s, sys: 893 ms, total: 2.77 s\n",
      "Wall time: 2.84 s\n"
     ]
    }
   ],
   "source": [
    "%%time\n",
    "\n",
    "### create molecule object:\n",
    "species = torch.as_tensor([[8,6,1,1],\n",
    "                           [8,6,1,1],\n",
    "                           [8,8,6,0]], # zero-padding for batching\n",
    "                          dtype=torch.int64, device=device)\n",
    "\n",
    "coordinates = torch.tensor([\n",
    "                              [\n",
    "                               [0.00,    0.00,    0.00],\n",
    "                               [1.22,    0.00,    0.00],\n",
    "                               [1.82,    0.94,    0.00],\n",
    "                               [1.82,   -0.94,    0.00]\n",
    "                              ],\n",
    "                              [\n",
    "                               [0.00,    0.00,    0.00],\n",
    "                               [1.22,    0.00,    0.00],\n",
    "                               [1.82,    0.94,    0.00],\n",
    "                               [1.82,   -0.94,    0.00]\n",
    "                              ],\n",
    "                              [\n",
    "                               [0.00,    0.00,    0.00],\n",
    "                               [1.23,    0.00,    0.00],\n",
    "                               [1.82,    0.94,    0.00],\n",
    "                               [0.0,0.0,0.0]            # zero-padding for batching\n",
    "                              ]\n",
    "                            ], device=device)\n",
    "\n",
    "const = Constants().to(device)\n",
    "\n",
    "elements = [0]+sorted(set(species.reshape(-1).tolist()))\n",
    "\n",
    "seqm_parameters = {\n",
    "                   'method' : 'PM6_SP',  # AM1, MNDO, PM3, PM6, PM6_SP. PM6_SP is PM6 without d-orbitals. Effectively, PM6 for the first two rows of periodic table\n",
    "                   'scf_eps' : 1.0e-6,  # unit eV, change of electric energy, as nuclear energy doesnt' change during SCF\n",
    "                   'scf_converger' : [0,0.0], # converger used for scf loop\n",
    "                                         # [0, 0.1], [0, alpha] constant mixing, P = alpha*P + (1.0-alpha)*Pnew\n",
    "                                         # [1], adaptive mixing\n",
    "                                         # [2], adaptive mixing, then pulay\n",
    "                   'sp2' : [False, 1.0e-5],  # whether to use sp2 algorithm in scf loop,\n",
    "                                            #[True, eps] or [False], eps for SP2 conve criteria\n",
    "                   'elements' : elements, #[0,1,6,8],\n",
    "                   'learned' : [], # learned parameters name list, e.g ['U_ss']\n",
    "                   #'parameter_file_dir' : '../seqm/params/', # file directory for other required parameters\n",
    "                   'pair_outer_cutoff' : 1.0e10, # consistent with the unit on coordinates\n",
    "                   'eig' : True # store orbital energies\n",
    "                   }\n",
    "\n",
    "molecules = Molecule(const, seqm_parameters, coordinates, species).to(device)\n",
    "\n",
    "### Create electronic structure driver:\n",
    "esdriver = Electronic_Structure(seqm_parameters).to(device)\n",
    "\n",
    "### Run esdriver on molecules:\n",
    "esdriver(molecules)"
   ]
  },
  {
   "cell_type": "code",
   "execution_count": 3,
   "id": "eca8583f-74aa-4474-9cf0-3bf78dd6f5df",
   "metadata": {},
   "outputs": [
    {
     "data": {
      "text/plain": [
       "tensor([6, 6, 8], device='cuda:0')"
      ]
     },
     "execution_count": 3,
     "metadata": {},
     "output_type": "execute_result"
    }
   ],
   "source": [
    "molecules.nocc"
   ]
  },
  {
   "cell_type": "code",
   "execution_count": 4,
   "id": "f76a6ee0-d8dc-4142-933c-7b5cfe309f6f",
   "metadata": {
    "scrolled": true,
    "tags": []
   },
   "outputs": [
    {
     "name": "stdout",
     "output_type": "stream",
     "text": [
      " Total Energy (eV):\n",
      " tensor([-440.2169, -440.2169, -696.4774], device='cuda:0')\n",
      "\n",
      " Electronic Energy (eV):  tensor([ -822.5876,  -822.5876, -1379.9633], device='cuda:0')\n",
      "\n",
      " Nuclear Energy (eV):\n",
      " tensor([382.3707, 382.3707, 683.4859], device='cuda:0')\n",
      "\n",
      " Heat of Formation (ev):\n",
      " tensor([-0.8825, -0.8825,  5.5543], device='cuda:0')\n",
      "\n",
      " HOMO-LUMO gap (eV):\n",
      " tensor([10.1862, 10.1862,  7.9755], device='cuda:0')\n",
      "\n",
      " Orbital energies (eV):\n",
      " tensor([[-3.1726e+01, -2.3382e+01, -1.6982e+01, -1.5154e+01, -1.4632e+01,\n",
      "         -1.0175e+01,  1.0996e-02,  3.9540e+00,  4.4427e+00,  4.6379e+00,\n",
      "          0.0000e+00,  0.0000e+00,  0.0000e+00,  0.0000e+00,  0.0000e+00,\n",
      "          0.0000e+00],\n",
      "        [-3.1726e+01, -2.3382e+01, -1.6982e+01, -1.5154e+01, -1.4632e+01,\n",
      "         -1.0175e+01,  1.0996e-02,  3.9540e+00,  4.4427e+00,  4.6379e+00,\n",
      "          0.0000e+00,  0.0000e+00,  0.0000e+00,  0.0000e+00,  0.0000e+00,\n",
      "          0.0000e+00],\n",
      "        [-3.7972e+01, -2.9900e+01, -2.2974e+01, -1.9398e+01, -1.8979e+01,\n",
      "         -1.4745e+01, -1.0174e+01, -9.9161e+00, -1.9406e+00, -4.9487e-02,\n",
      "          1.3037e+00,  4.2324e+00,  0.0000e+00,  0.0000e+00,  0.0000e+00,\n",
      "          0.0000e+00]], device='cuda:0')\n",
      "\n",
      " Charges:\n",
      " tensor([[-0.4215,  0.2294,  0.0961,  0.0961],\n",
      "        [-0.4215,  0.2294,  0.0961,  0.0961],\n",
      "        [-0.5563,  0.1807,  0.3756,  0.0000]], device='cuda:0')\n",
      "\n",
      " Dipole:\n",
      " tensor([[6.2958e-01, 1.5682e-15, 0.0000e+00],\n",
      "        [6.2958e-01, 1.5682e-15, 0.0000e+00],\n",
      "        [9.0589e-01, 3.5306e-01, 0.0000e+00]], device='cuda:0')\n",
      "\n",
      " Forces (eV/A):\n",
      " tensor([[[ 9.7570e-01,  1.1102e-16, -0.0000e+00],\n",
      "         [-3.1053e-01,  6.2172e-14, -0.0000e+00],\n",
      "         [-3.3259e-01, -3.5807e-01, -0.0000e+00],\n",
      "         [-3.3259e-01,  3.5807e-01, -0.0000e+00]],\n",
      "\n",
      "        [[ 9.7570e-01,  1.1102e-16, -0.0000e+00],\n",
      "         [-3.1053e-01,  6.2172e-14, -0.0000e+00],\n",
      "         [-3.3259e-01, -3.5807e-01, -0.0000e+00],\n",
      "         [-3.3259e-01,  3.5807e-01, -0.0000e+00]],\n",
      "\n",
      "        [[-4.3771e+00, -2.3199e+00,  1.7025e-15],\n",
      "         [-2.7143e+00, -4.1415e+00, -4.9877e-15],\n",
      "         [ 7.0913e+00,  6.4614e+00,  3.2853e-15],\n",
      "         [-0.0000e+00, -0.0000e+00, -0.0000e+00]]], device='cuda:0')\n"
     ]
    }
   ],
   "source": [
    "print(' Total Energy (eV):\\n', molecules.Etot)\n",
    "print('\\n Electronic Energy (eV): ', molecules.Eelec)\n",
    "print('\\n Nuclear Energy (eV):\\n', molecules.Enuc)\n",
    "print('\\n Heat of Formation (ev):\\n', molecules.Hf)\n",
    "print('\\n HOMO-LUMO gap (eV):\\n', molecules.e_gap)\n",
    "print('\\n Orbital energies (eV):\\n', molecules.e_mo)\n",
    "print('\\n Charges:\\n', molecules.q)\n",
    "print('\\n Dipole:\\n', molecules.d)\n",
    "print('\\n Forces (eV/A):\\n', molecules.force)"
   ]
  },
  {
   "cell_type": "code",
   "execution_count": 5,
   "id": "74537d21-d1b4-4671-9ae0-d327bb88ebef",
   "metadata": {
    "scrolled": true,
    "tags": []
   },
   "outputs": [
    {
     "name": "stdout",
     "output_type": "stream",
     "text": [
      "\n",
      " Density matrix:\n",
      " tensor([[[ 1.8598e+00, -3.0431e-01,  0.0000e+00,  0.0000e+00,  1.5452e-01,\n",
      "          -3.7303e-01,  0.0000e+00,  0.0000e+00,  5.0731e-02,  0.0000e+00,\n",
      "           0.0000e+00,  0.0000e+00,  5.0731e-02,  0.0000e+00,  0.0000e+00,\n",
      "           0.0000e+00],\n",
      "         [-3.0431e-01,  1.2811e+00,  0.0000e+00,  0.0000e+00,  5.3410e-01,\n",
      "          -7.2955e-01,  0.0000e+00,  0.0000e+00, -7.3661e-02,  0.0000e+00,\n",
      "           0.0000e+00,  0.0000e+00, -7.3661e-02,  0.0000e+00,  0.0000e+00,\n",
      "           0.0000e+00],\n",
      "         [ 0.0000e+00,  0.0000e+00,  1.9345e+00,  0.0000e+00,  0.0000e+00,\n",
      "           0.0000e+00,  2.4753e-01,  0.0000e+00, -1.8099e-01,  0.0000e+00,\n",
      "           0.0000e+00,  0.0000e+00,  1.8099e-01,  0.0000e+00,  0.0000e+00,\n",
      "           0.0000e+00],\n",
      "         [ 0.0000e+00,  0.0000e+00,  0.0000e+00,  1.3462e+00,  0.0000e+00,\n",
      "           0.0000e+00,  0.0000e+00,  9.3818e-01,  0.0000e+00,  0.0000e+00,\n",
      "           0.0000e+00,  0.0000e+00,  0.0000e+00,  0.0000e+00,  0.0000e+00,\n",
      "           0.0000e+00],\n",
      "         [ 1.5452e-01,  5.3410e-01,  0.0000e+00,  0.0000e+00,  1.1536e+00,\n",
      "           1.3888e-01,  0.0000e+00,  0.0000e+00,  5.6920e-01,  0.0000e+00,\n",
      "           0.0000e+00,  0.0000e+00,  5.6920e-01,  0.0000e+00,  0.0000e+00,\n",
      "           0.0000e+00],\n",
      "         [-3.7303e-01, -7.2955e-01,  0.0000e+00,  0.0000e+00,  1.3888e-01,\n",
      "           8.9805e-01,  0.0000e+00,  0.0000e+00,  3.8661e-01,  0.0000e+00,\n",
      "           0.0000e+00,  0.0000e+00,  3.8661e-01,  0.0000e+00,  0.0000e+00,\n",
      "           0.0000e+00],\n",
      "         [ 0.0000e+00,  0.0000e+00,  2.4753e-01,  0.0000e+00,  0.0000e+00,\n",
      "           0.0000e+00,  1.0651e+00,  0.0000e+00,  6.8355e-01,  0.0000e+00,\n",
      "           0.0000e+00,  0.0000e+00, -6.8355e-01,  0.0000e+00,  0.0000e+00,\n",
      "           0.0000e+00],\n",
      "         [ 0.0000e+00,  0.0000e+00,  0.0000e+00,  9.3818e-01,  0.0000e+00,\n",
      "           0.0000e+00,  0.0000e+00,  6.5384e-01,  0.0000e+00,  0.0000e+00,\n",
      "           0.0000e+00,  0.0000e+00,  0.0000e+00,  0.0000e+00,  0.0000e+00,\n",
      "           0.0000e+00],\n",
      "         [ 5.0731e-02, -7.3661e-02, -1.8099e-01,  0.0000e+00,  5.6920e-01,\n",
      "           3.8661e-01,  6.8355e-01,  0.0000e+00,  9.0393e-01,  0.0000e+00,\n",
      "           0.0000e+00,  0.0000e+00, -9.6505e-02,  0.0000e+00,  0.0000e+00,\n",
      "           0.0000e+00],\n",
      "         [ 0.0000e+00,  0.0000e+00,  0.0000e+00,  0.0000e+00,  0.0000e+00,\n",
      "           0.0000e+00,  0.0000e+00,  0.0000e+00,  0.0000e+00,  0.0000e+00,\n",
      "           0.0000e+00,  0.0000e+00,  0.0000e+00,  0.0000e+00,  0.0000e+00,\n",
      "           0.0000e+00],\n",
      "         [ 0.0000e+00,  0.0000e+00,  0.0000e+00,  0.0000e+00,  0.0000e+00,\n",
      "           0.0000e+00,  0.0000e+00,  0.0000e+00,  0.0000e+00,  0.0000e+00,\n",
      "           0.0000e+00,  0.0000e+00,  0.0000e+00,  0.0000e+00,  0.0000e+00,\n",
      "           0.0000e+00],\n",
      "         [ 0.0000e+00,  0.0000e+00,  0.0000e+00,  0.0000e+00,  0.0000e+00,\n",
      "           0.0000e+00,  0.0000e+00,  0.0000e+00,  0.0000e+00,  0.0000e+00,\n",
      "           0.0000e+00,  0.0000e+00,  0.0000e+00,  0.0000e+00,  0.0000e+00,\n",
      "           0.0000e+00],\n",
      "         [ 5.0731e-02, -7.3661e-02,  1.8099e-01,  0.0000e+00,  5.6920e-01,\n",
      "           3.8661e-01, -6.8355e-01,  0.0000e+00, -9.6505e-02,  0.0000e+00,\n",
      "           0.0000e+00,  0.0000e+00,  9.0393e-01,  0.0000e+00,  0.0000e+00,\n",
      "           0.0000e+00],\n",
      "         [ 0.0000e+00,  0.0000e+00,  0.0000e+00,  0.0000e+00,  0.0000e+00,\n",
      "           0.0000e+00,  0.0000e+00,  0.0000e+00,  0.0000e+00,  0.0000e+00,\n",
      "           0.0000e+00,  0.0000e+00,  0.0000e+00,  0.0000e+00,  0.0000e+00,\n",
      "           0.0000e+00],\n",
      "         [ 0.0000e+00,  0.0000e+00,  0.0000e+00,  0.0000e+00,  0.0000e+00,\n",
      "           0.0000e+00,  0.0000e+00,  0.0000e+00,  0.0000e+00,  0.0000e+00,\n",
      "           0.0000e+00,  0.0000e+00,  0.0000e+00,  0.0000e+00,  0.0000e+00,\n",
      "           0.0000e+00],\n",
      "         [ 0.0000e+00,  0.0000e+00,  0.0000e+00,  0.0000e+00,  0.0000e+00,\n",
      "           0.0000e+00,  0.0000e+00,  0.0000e+00,  0.0000e+00,  0.0000e+00,\n",
      "           0.0000e+00,  0.0000e+00,  0.0000e+00,  0.0000e+00,  0.0000e+00,\n",
      "           0.0000e+00]],\n",
      "\n",
      "        [[ 1.8598e+00, -3.0431e-01,  0.0000e+00,  0.0000e+00,  1.5452e-01,\n",
      "          -3.7303e-01,  0.0000e+00,  0.0000e+00,  5.0731e-02,  0.0000e+00,\n",
      "           0.0000e+00,  0.0000e+00,  5.0731e-02,  0.0000e+00,  0.0000e+00,\n",
      "           0.0000e+00],\n",
      "         [-3.0431e-01,  1.2811e+00,  0.0000e+00,  0.0000e+00,  5.3410e-01,\n",
      "          -7.2955e-01,  0.0000e+00,  0.0000e+00, -7.3661e-02,  0.0000e+00,\n",
      "           0.0000e+00,  0.0000e+00, -7.3661e-02,  0.0000e+00,  0.0000e+00,\n",
      "           0.0000e+00],\n",
      "         [ 0.0000e+00,  0.0000e+00,  1.9345e+00,  0.0000e+00,  0.0000e+00,\n",
      "           0.0000e+00,  2.4753e-01,  0.0000e+00, -1.8099e-01,  0.0000e+00,\n",
      "           0.0000e+00,  0.0000e+00,  1.8099e-01,  0.0000e+00,  0.0000e+00,\n",
      "           0.0000e+00],\n",
      "         [ 0.0000e+00,  0.0000e+00,  0.0000e+00,  1.3462e+00,  0.0000e+00,\n",
      "           0.0000e+00,  0.0000e+00,  9.3818e-01,  0.0000e+00,  0.0000e+00,\n",
      "           0.0000e+00,  0.0000e+00,  0.0000e+00,  0.0000e+00,  0.0000e+00,\n",
      "           0.0000e+00],\n",
      "         [ 1.5452e-01,  5.3410e-01,  0.0000e+00,  0.0000e+00,  1.1536e+00,\n",
      "           1.3888e-01,  0.0000e+00,  0.0000e+00,  5.6920e-01,  0.0000e+00,\n",
      "           0.0000e+00,  0.0000e+00,  5.6920e-01,  0.0000e+00,  0.0000e+00,\n",
      "           0.0000e+00],\n",
      "         [-3.7303e-01, -7.2955e-01,  0.0000e+00,  0.0000e+00,  1.3888e-01,\n",
      "           8.9805e-01,  0.0000e+00,  0.0000e+00,  3.8661e-01,  0.0000e+00,\n",
      "           0.0000e+00,  0.0000e+00,  3.8661e-01,  0.0000e+00,  0.0000e+00,\n",
      "           0.0000e+00],\n",
      "         [ 0.0000e+00,  0.0000e+00,  2.4753e-01,  0.0000e+00,  0.0000e+00,\n",
      "           0.0000e+00,  1.0651e+00,  0.0000e+00,  6.8355e-01,  0.0000e+00,\n",
      "           0.0000e+00,  0.0000e+00, -6.8355e-01,  0.0000e+00,  0.0000e+00,\n",
      "           0.0000e+00],\n",
      "         [ 0.0000e+00,  0.0000e+00,  0.0000e+00,  9.3818e-01,  0.0000e+00,\n",
      "           0.0000e+00,  0.0000e+00,  6.5384e-01,  0.0000e+00,  0.0000e+00,\n",
      "           0.0000e+00,  0.0000e+00,  0.0000e+00,  0.0000e+00,  0.0000e+00,\n",
      "           0.0000e+00],\n",
      "         [ 5.0731e-02, -7.3661e-02, -1.8099e-01,  0.0000e+00,  5.6920e-01,\n",
      "           3.8661e-01,  6.8355e-01,  0.0000e+00,  9.0393e-01,  0.0000e+00,\n",
      "           0.0000e+00,  0.0000e+00, -9.6505e-02,  0.0000e+00,  0.0000e+00,\n",
      "           0.0000e+00],\n",
      "         [ 0.0000e+00,  0.0000e+00,  0.0000e+00,  0.0000e+00,  0.0000e+00,\n",
      "           0.0000e+00,  0.0000e+00,  0.0000e+00,  0.0000e+00,  0.0000e+00,\n",
      "           0.0000e+00,  0.0000e+00,  0.0000e+00,  0.0000e+00,  0.0000e+00,\n",
      "           0.0000e+00],\n",
      "         [ 0.0000e+00,  0.0000e+00,  0.0000e+00,  0.0000e+00,  0.0000e+00,\n",
      "           0.0000e+00,  0.0000e+00,  0.0000e+00,  0.0000e+00,  0.0000e+00,\n",
      "           0.0000e+00,  0.0000e+00,  0.0000e+00,  0.0000e+00,  0.0000e+00,\n",
      "           0.0000e+00],\n",
      "         [ 0.0000e+00,  0.0000e+00,  0.0000e+00,  0.0000e+00,  0.0000e+00,\n",
      "           0.0000e+00,  0.0000e+00,  0.0000e+00,  0.0000e+00,  0.0000e+00,\n",
      "           0.0000e+00,  0.0000e+00,  0.0000e+00,  0.0000e+00,  0.0000e+00,\n",
      "           0.0000e+00],\n",
      "         [ 5.0731e-02, -7.3661e-02,  1.8099e-01,  0.0000e+00,  5.6920e-01,\n",
      "           3.8661e-01, -6.8355e-01,  0.0000e+00, -9.6505e-02,  0.0000e+00,\n",
      "           0.0000e+00,  0.0000e+00,  9.0393e-01,  0.0000e+00,  0.0000e+00,\n",
      "           0.0000e+00],\n",
      "         [ 0.0000e+00,  0.0000e+00,  0.0000e+00,  0.0000e+00,  0.0000e+00,\n",
      "           0.0000e+00,  0.0000e+00,  0.0000e+00,  0.0000e+00,  0.0000e+00,\n",
      "           0.0000e+00,  0.0000e+00,  0.0000e+00,  0.0000e+00,  0.0000e+00,\n",
      "           0.0000e+00],\n",
      "         [ 0.0000e+00,  0.0000e+00,  0.0000e+00,  0.0000e+00,  0.0000e+00,\n",
      "           0.0000e+00,  0.0000e+00,  0.0000e+00,  0.0000e+00,  0.0000e+00,\n",
      "           0.0000e+00,  0.0000e+00,  0.0000e+00,  0.0000e+00,  0.0000e+00,\n",
      "           0.0000e+00],\n",
      "         [ 0.0000e+00,  0.0000e+00,  0.0000e+00,  0.0000e+00,  0.0000e+00,\n",
      "           0.0000e+00,  0.0000e+00,  0.0000e+00,  0.0000e+00,  0.0000e+00,\n",
      "           0.0000e+00,  0.0000e+00,  0.0000e+00,  0.0000e+00,  0.0000e+00,\n",
      "           0.0000e+00]],\n",
      "\n",
      "        [[ 1.9615e+00, -1.7125e-01,  1.0767e-02, -2.8051e-17,  1.9234e-03,\n",
      "          -1.6994e-01, -3.6542e-02,  1.6203e-17,  6.3159e-02,  1.3551e-02,\n",
      "          -1.0807e-01, -5.0804e-18,  0.0000e+00,  0.0000e+00,  0.0000e+00,\n",
      "           0.0000e+00],\n",
      "         [-1.7125e-01,  7.6096e-01,  2.9612e-02,  2.7747e-16,  3.9072e-01,\n",
      "          -8.0562e-01, -6.7439e-02,  8.6225e-17,  1.9095e-01, -4.5111e-02,\n",
      "           2.6064e-01,  1.1685e-17,  0.0000e+00,  0.0000e+00,  0.0000e+00,\n",
      "           0.0000e+00],\n",
      "         [ 1.0767e-02,  2.9612e-02,  1.9733e+00, -1.0526e-16,  4.7768e-02,\n",
      "           2.4424e-02,  1.1799e-01, -2.5092e-17, -7.7832e-02,  1.6397e-01,\n",
      "           4.3466e-02,  1.1087e-17,  0.0000e+00,  0.0000e+00,  0.0000e+00,\n",
      "           0.0000e+00],\n",
      "         [-2.8051e-17,  2.7747e-16, -1.0526e-16,  1.8605e+00, -3.6383e-16,\n",
      "          -1.5765e-16,  2.3323e-17,  2.7045e-01,  2.6305e-17,  5.7822e-16,\n",
      "          -8.0348e-16, -4.3167e-01,  0.0000e+00,  0.0000e+00,  0.0000e+00,\n",
      "           0.0000e+00],\n",
      "         [ 1.9234e-03,  3.9072e-01,  4.7768e-02, -3.6383e-16,  1.6445e+00,\n",
      "           7.9351e-02, -2.2703e-01, -2.2686e-17,  1.5210e-01, -1.6822e-01,\n",
      "          -5.6602e-01,  3.5030e-17,  0.0000e+00,  0.0000e+00,  0.0000e+00,\n",
      "           0.0000e+00],\n",
      "         [-1.6994e-01, -8.0562e-01,  2.4424e-02, -1.5765e-16,  7.9351e-02,\n",
      "           1.2251e+00, -5.5249e-02,  6.6609e-17,  2.1706e-01,  2.0752e-01,\n",
      "          -4.1390e-01,  5.5755e-18,  0.0000e+00,  0.0000e+00,  0.0000e+00,\n",
      "           0.0000e+00],\n",
      "         [-3.6542e-02, -6.7439e-02,  1.1799e-01,  2.3323e-17, -2.2703e-01,\n",
      "          -5.5249e-02,  1.4741e+00, -4.6602e-17,  3.3515e-01, -7.4534e-01,\n",
      "          -1.8157e-01, -5.8449e-17,  0.0000e+00,  0.0000e+00,  0.0000e+00,\n",
      "           0.0000e+00],\n",
      "         [ 1.6203e-17,  8.6225e-17, -2.5092e-17,  2.7045e-01, -2.2686e-17,\n",
      "           6.6609e-17, -4.6602e-17,  1.4756e+00,  8.3818e-17,  1.8903e-17,\n",
      "          -1.5192e-16,  8.3708e-01,  0.0000e+00,  0.0000e+00,  0.0000e+00,\n",
      "           0.0000e+00],\n",
      "         [ 6.3159e-02,  1.9095e-01, -7.7832e-02,  2.6305e-17,  1.5210e-01,\n",
      "           2.1706e-01,  3.3515e-01,  8.3818e-17,  1.7393e+00,  3.8236e-01,\n",
      "           2.7966e-01,  1.5013e-17,  0.0000e+00,  0.0000e+00,  0.0000e+00,\n",
      "           0.0000e+00],\n",
      "         [ 1.3551e-02, -4.5111e-02,  1.6397e-01,  5.7822e-16, -1.6822e-01,\n",
      "           2.0752e-01, -7.4534e-01,  1.8903e-17,  3.8236e-01,  6.8627e-01,\n",
      "           3.1523e-01, -1.6438e-16,  0.0000e+00,  0.0000e+00,  0.0000e+00,\n",
      "           0.0000e+00],\n",
      "         [-1.0807e-01,  2.6064e-01,  4.3466e-02, -8.0348e-16, -5.6602e-01,\n",
      "          -4.1390e-01, -1.8157e-01, -1.5192e-16,  2.7966e-01,  3.1523e-01,\n",
      "           5.3496e-01,  2.2484e-16,  0.0000e+00,  0.0000e+00,  0.0000e+00,\n",
      "           0.0000e+00],\n",
      "         [-5.0804e-18,  1.1685e-17,  1.1087e-17, -4.3167e-01,  3.5030e-17,\n",
      "           5.5755e-18, -5.8449e-17,  8.3708e-01,  1.5013e-17, -1.6438e-16,\n",
      "           2.2484e-16,  6.6390e-01,  0.0000e+00,  0.0000e+00,  0.0000e+00,\n",
      "           0.0000e+00],\n",
      "         [ 0.0000e+00,  0.0000e+00,  0.0000e+00,  0.0000e+00,  0.0000e+00,\n",
      "           0.0000e+00,  0.0000e+00,  0.0000e+00,  0.0000e+00,  0.0000e+00,\n",
      "           0.0000e+00,  0.0000e+00,  0.0000e+00,  0.0000e+00,  0.0000e+00,\n",
      "           0.0000e+00],\n",
      "         [ 0.0000e+00,  0.0000e+00,  0.0000e+00,  0.0000e+00,  0.0000e+00,\n",
      "           0.0000e+00,  0.0000e+00,  0.0000e+00,  0.0000e+00,  0.0000e+00,\n",
      "           0.0000e+00,  0.0000e+00,  0.0000e+00,  0.0000e+00,  0.0000e+00,\n",
      "           0.0000e+00],\n",
      "         [ 0.0000e+00,  0.0000e+00,  0.0000e+00,  0.0000e+00,  0.0000e+00,\n",
      "           0.0000e+00,  0.0000e+00,  0.0000e+00,  0.0000e+00,  0.0000e+00,\n",
      "           0.0000e+00,  0.0000e+00,  0.0000e+00,  0.0000e+00,  0.0000e+00,\n",
      "           0.0000e+00],\n",
      "         [ 0.0000e+00,  0.0000e+00,  0.0000e+00,  0.0000e+00,  0.0000e+00,\n",
      "           0.0000e+00,  0.0000e+00,  0.0000e+00,  0.0000e+00,  0.0000e+00,\n",
      "           0.0000e+00,  0.0000e+00,  0.0000e+00,  0.0000e+00,  0.0000e+00,\n",
      "           0.0000e+00]]], device='cuda:0')\n"
     ]
    }
   ],
   "source": [
    "print('\\n Density matrix:\\n', molecules.dm)"
   ]
  },
  {
   "cell_type": "code",
   "execution_count": 6,
   "id": "11adc003-5c2e-427d-ab14-534d7392e4c4",
   "metadata": {},
   "outputs": [
    {
     "data": {
      "text/plain": [
       "tensor([[[ 0.0000,  0.0000,  0.0000],\n",
       "         [ 1.2200,  0.0000,  0.0000],\n",
       "         [ 1.8200,  0.9400,  0.0000],\n",
       "         [ 1.8200, -0.9400,  0.0000]],\n",
       "\n",
       "        [[ 0.0000,  0.0000,  0.0000],\n",
       "         [ 1.2200,  0.0000,  0.0000],\n",
       "         [ 1.8200,  0.9400,  0.0000],\n",
       "         [ 1.8200, -0.9400,  0.0000]],\n",
       "\n",
       "        [[ 0.0000,  0.0000,  0.0000],\n",
       "         [ 1.2300,  0.0000,  0.0000],\n",
       "         [ 1.8200,  0.9400,  0.0000],\n",
       "         [ 0.0000,  0.0000,  0.0000]]], device='cuda:0', requires_grad=True)"
      ]
     },
     "execution_count": 6,
     "metadata": {},
     "output_type": "execute_result"
    }
   ],
   "source": [
    "molecules.coordinates"
   ]
  },
  {
   "cell_type": "code",
   "execution_count": null,
   "id": "58b1da90-2129-4fdf-be61-d82dc79953d4",
   "metadata": {},
   "outputs": [],
   "source": []
  }
 ],
 "metadata": {
  "kernelspec": {
   "display_name": "hipnn_1",
   "language": "python",
   "name": "hipnn_1"
  },
  "language_info": {
   "codemirror_mode": {
    "name": "ipython",
    "version": 3
   },
   "file_extension": ".py",
   "mimetype": "text/x-python",
   "name": "python",
   "nbconvert_exporter": "python",
   "pygments_lexer": "ipython3",
   "version": "3.9.16"
  },
  "vscode": {
   "interpreter": {
    "hash": "7eaf19b248fb632f60462f4259de56b0149d6a5aae8e26265fa4c03168ece137"
   }
  }
 },
 "nbformat": 4,
 "nbformat_minor": 5
}
