{
 "cells": [
  {
   "cell_type": "markdown",
   "id": "9d27d34b-66d6-42ab-9b25-9f716aad7fba",
   "metadata": {},
   "source": [
    "# Example to get energies (total, electronic, nuclear, heat of formation, orbital), charges, dipole, forces, density matrix."
   ]
  },
  {
   "cell_type": "code",
   "execution_count": 1,
   "id": "3adb4c7f-91e0-4bd5-a479-38ba12ba4a0b",
   "metadata": {},
   "outputs": [
    {
     "name": "stderr",
     "output_type": "stream",
     "text": [
      "/home/maxim/anaconda3/envs/hipnn_1/lib/python3.9/site-packages/tqdm/auto.py:21: TqdmWarning: IProgress not found. Please update jupyter and ipywidgets. See https://ipywidgets.readthedocs.io/en/stable/user_install.html\n",
      "  from .autonotebook import tqdm as notebook_tqdm\n"
     ]
    },
    {
     "name": "stdout",
     "output_type": "stream",
     "text": [
      "Decorating your function! <function KSA_XL_BOMD.one_step at 0x7f435982a670>\n"
     ]
    }
   ],
   "source": [
    "import sys\n",
    "### path to PYSEQM ###\n",
    "sys.path.insert(1, \"/home/maxim/Projects/git2/PYSEQM_dev/\")\n",
    "\n",
    "import torch\n",
    "from seqm.seqm_functions.constants import Constants\n",
    "from seqm.Molecule import Molecule\n",
    "from seqm.ElectronicStructure import Electronic_Structure\n",
    "\n",
    "torch.set_default_dtype(torch.float64)\n",
    "if torch.cuda.is_available():\n",
    "    device = torch.device('cuda')\n",
    "else:\n",
    "    device = torch.device('cpu')"
   ]
  },
  {
   "cell_type": "code",
   "execution_count": 2,
   "id": "39b07b14-8393-4bb4-bf87-75c00c060e11",
   "metadata": {},
   "outputs": [
    {
     "name": "stdout",
     "output_type": "stream",
     "text": [
      "CPU times: user 3.99 s, sys: 605 ms, total: 4.59 s\n",
      "Wall time: 4.68 s\n"
     ]
    }
   ],
   "source": [
    "%%time\n",
    "\n",
    "### create molecule object:\n",
    "species = torch.as_tensor([[8,6,1,1],\n",
    "                           [8,6,1,1],\n",
    "                           [8,8,6,0]], # zero-padding for batching\n",
    "                          dtype=torch.int64, device=device)\n",
    "\n",
    "coordinates = torch.tensor([\n",
    "                              [\n",
    "                               [0.00,    0.00,    0.00],\n",
    "                               [1.22,    0.00,    0.00],\n",
    "                               [1.82,    0.94,    0.00],\n",
    "                               [1.82,   -0.94,    0.00]\n",
    "                              ],\n",
    "                              [\n",
    "                               [0.00,    0.00,    0.00],\n",
    "                               [1.22,    0.00,    0.00],\n",
    "                               [1.82,    0.94,    0.00],\n",
    "                               [1.82,   -0.94,    0.00]\n",
    "                              ],\n",
    "                              [\n",
    "                               [0.00,    0.00,    0.00],\n",
    "                               [1.23,    0.00,    0.00],\n",
    "                               [1.82,    0.94,    0.00],\n",
    "                               [0.0,0.0,0.0]            # zero-padding for batching\n",
    "                              ]\n",
    "                            ], device=device)\n",
    "\n",
    "const = Constants().to(device)\n",
    "\n",
    "elements = [0]+sorted(set(species.reshape(-1).tolist()))\n",
    "\n",
    "seqm_parameters = {\n",
    "                   'method' : 'AM1',  # AM1, MNDO, PM#\n",
    "                   'scf_eps' : 1.0e-6,  # unit eV, change of electric energy, as nuclear energy doesnt' change during SCF\n",
    "                   'scf_converger' : [2,0.0], # converger used for scf loop\n",
    "                                         # [0, 0.1], [0, alpha] constant mixing, P = alpha*P + (1.0-alpha)*Pnew\n",
    "                                         # [1], adaptive mixing\n",
    "                                         # [2], adaptive mixing, then pulay\n",
    "                   'sp2' : [False, 1.0e-5],  # whether to use sp2 algorithm in scf loop,\n",
    "                                            #[True, eps] or [False], eps for SP2 conve criteria\n",
    "                   'elements' : elements, #[0,1,6,8],\n",
    "                   'learned' : [], # learned parameters name list, e.g ['U_ss']\n",
    "                   #'parameter_file_dir' : '../seqm/params/', # file directory for other required parameters\n",
    "                   'pair_outer_cutoff' : 1.0e10, # consistent with the unit on coordinates\n",
    "                   'eig' : True\n",
    "                   }\n",
    "\n",
    "molecules = Molecule(const, seqm_parameters, coordinates, species).to(device)\n",
    "\n",
    "### Create electronic structure driver:\n",
    "esdriver = Electronic_Structure(seqm_parameters).to(device)\n",
    "\n",
    "### Run esdriver on molecules:\n",
    "esdriver(molecules)"
   ]
  },
  {
   "cell_type": "code",
   "execution_count": 3,
   "id": "f76a6ee0-d8dc-4142-933c-7b5cfe309f6f",
   "metadata": {},
   "outputs": [
    {
     "name": "stdout",
     "output_type": "stream",
     "text": [
      " Total Energy (eV):\n",
      " tensor([-475.5819, -475.5819, -759.2461], device='cuda:0')\n",
      "\n",
      " Electronic Energy (eV):  tensor([ -864.9940,  -864.9940, -1504.4581], device='cuda:0')\n",
      "\n",
      " Nuclear Energy (eV):\n",
      " tensor([389.4122, 389.4122, 745.2120], device='cuda:0')\n",
      "\n",
      " Heat of Formation (ev):\n",
      " tensor([-1.3620, -1.3620,  6.3444], device='cuda:0')\n",
      "\n",
      " HOMO-LUMO gap (eV):\n",
      " tensor([11.5918, 11.5918,  9.3511], device='cuda:0')\n",
      "\n",
      " Orbital energies (eV):\n",
      " tensor([[-39.2305, -25.0153, -17.1715, -16.2761, -14.6381, -10.7554,   0.8365,\n",
      "           3.1509,   3.9780,   6.0957,   0.0000,   0.0000,   0.0000,   0.0000,\n",
      "           0.0000,   0.0000],\n",
      "        [-39.2305, -25.0153, -17.1715, -16.2761, -14.6381, -10.7554,   0.8365,\n",
      "           3.1509,   3.9780,   6.0957,   0.0000,   0.0000,   0.0000,   0.0000,\n",
      "           0.0000,   0.0000],\n",
      "        [-46.6531, -35.1909, -24.5378, -20.3546, -20.2776, -15.5339, -11.1724,\n",
      "         -11.1534,  -1.8023,  -0.0903,   2.2116,   6.4507,   0.0000,   0.0000,\n",
      "           0.0000,   0.0000]], device='cuda:0')\n",
      "\n",
      " Charges:\n",
      " tensor([[-0.2733,  0.1414,  0.0660,  0.0660],\n",
      "        [-0.2733,  0.1414,  0.0660,  0.0660],\n",
      "        [-0.4915,  0.1920,  0.2995,  0.0000]], device='cuda:0')\n",
      "\n",
      " Dipole:\n",
      " tensor([[ 4.1263e-01, -4.3854e-15,  0.0000e+00],\n",
      "        [ 4.1263e-01, -4.3854e-15,  0.0000e+00],\n",
      "        [ 7.8122e-01,  2.8149e-01,  0.0000e+00]], device='cuda:0')\n",
      "\n",
      " Forces (eV/A):\n",
      " tensor([[[-7.5144e-01,  1.0547e-15, -0.0000e+00],\n",
      "         [ 9.1973e-01, -7.1054e-14, -0.0000e+00],\n",
      "         [-8.4144e-02, -9.8788e-02, -0.0000e+00],\n",
      "         [-8.4144e-02,  9.8788e-02, -0.0000e+00]],\n",
      "\n",
      "        [[-7.5144e-01,  1.0547e-15, -0.0000e+00],\n",
      "         [ 9.1973e-01, -7.1054e-14, -0.0000e+00],\n",
      "         [-8.4144e-02, -9.8788e-02, -0.0000e+00],\n",
      "         [-8.4144e-02,  9.8788e-02, -0.0000e+00]],\n",
      "\n",
      "        [[-4.4478e+00, -2.1079e+00,  1.1370e-13],\n",
      "         [-7.2378e+00, -1.2116e+01, -7.3740e-14],\n",
      "         [ 1.1686e+01,  1.4223e+01, -3.9959e-14],\n",
      "         [-0.0000e+00, -0.0000e+00, -0.0000e+00]]], device='cuda:0')\n"
     ]
    }
   ],
   "source": [
    "print(' Total Energy (eV):\\n', molecules.Etot)\n",
    "print('\\n Electronic Energy (eV): ', molecules.Eelec)\n",
    "print('\\n Nuclear Energy (eV):\\n', molecules.Enuc)\n",
    "print('\\n Heat of Formation (ev):\\n', molecules.Hf)\n",
    "print('\\n HOMO-LUMO gap (eV):\\n', molecules.e_gap)\n",
    "print('\\n Orbital energies (eV):\\n', molecules.e_mo)\n",
    "print('\\n Charges:\\n', molecules.q)\n",
    "print('\\n Dipole:\\n', molecules.d)\n",
    "print('\\n Forces (eV/A):\\n', molecules.force)"
   ]
  },
  {
   "cell_type": "code",
   "execution_count": 4,
   "id": "74537d21-d1b4-4671-9ae0-d327bb88ebef",
   "metadata": {},
   "outputs": [
    {
     "name": "stdout",
     "output_type": "stream",
     "text": [
      "\n",
      " Density matrix:\n",
      " tensor([[[ 1.9076e+00, -2.7516e-01,  0.0000e+00,  0.0000e+00,  1.3505e-01,\n",
      "          -2.8679e-01,  0.0000e+00,  0.0000e+00,  6.1675e-03,  0.0000e+00,\n",
      "           0.0000e+00,  0.0000e+00,  6.1675e-03,  0.0000e+00,  0.0000e+00,\n",
      "           0.0000e+00],\n",
      "         [-2.7516e-01,  1.1585e+00,  0.0000e+00,  0.0000e+00,  5.0981e-01,\n",
      "          -7.8702e-01,  0.0000e+00,  0.0000e+00, -9.9677e-02,  0.0000e+00,\n",
      "           0.0000e+00,  0.0000e+00, -9.9677e-02,  0.0000e+00,  0.0000e+00,\n",
      "           0.0000e+00],\n",
      "         [ 0.0000e+00,  0.0000e+00,  1.9076e+00,  0.0000e+00,  0.0000e+00,\n",
      "           0.0000e+00,  3.0857e-01,  0.0000e+00, -2.0125e-01,  0.0000e+00,\n",
      "           0.0000e+00,  0.0000e+00,  2.0125e-01,  0.0000e+00,  0.0000e+00,\n",
      "           0.0000e+00],\n",
      "         [ 0.0000e+00,  0.0000e+00,  0.0000e+00,  1.2997e+00,  0.0000e+00,\n",
      "           0.0000e+00,  0.0000e+00,  9.5404e-01,  0.0000e+00,  0.0000e+00,\n",
      "           0.0000e+00,  0.0000e+00,  0.0000e+00,  0.0000e+00,  0.0000e+00,\n",
      "           0.0000e+00],\n",
      "         [ 1.3505e-01,  5.0981e-01,  0.0000e+00,  0.0000e+00,  1.2808e+00,\n",
      "           9.4670e-02,  0.0000e+00,  0.0000e+00,  5.6306e-01,  0.0000e+00,\n",
      "           0.0000e+00,  0.0000e+00,  5.6306e-01,  0.0000e+00,  0.0000e+00,\n",
      "           0.0000e+00],\n",
      "         [-2.8679e-01, -7.8702e-01,  0.0000e+00,  0.0000e+00,  9.4670e-02,\n",
      "           9.0820e-01,  0.0000e+00,  0.0000e+00,  3.7480e-01,  0.0000e+00,\n",
      "           0.0000e+00,  0.0000e+00,  3.7480e-01,  0.0000e+00,  0.0000e+00,\n",
      "           0.0000e+00],\n",
      "         [ 0.0000e+00,  0.0000e+00,  3.0857e-01,  0.0000e+00,  0.0000e+00,\n",
      "           0.0000e+00,  9.6928e-01,  0.0000e+00,  6.7225e-01,  0.0000e+00,\n",
      "           0.0000e+00,  0.0000e+00, -6.7225e-01,  0.0000e+00,  0.0000e+00,\n",
      "           0.0000e+00],\n",
      "         [ 0.0000e+00,  0.0000e+00,  0.0000e+00,  9.5404e-01,  0.0000e+00,\n",
      "           0.0000e+00,  0.0000e+00,  7.0033e-01,  0.0000e+00,  0.0000e+00,\n",
      "           0.0000e+00,  0.0000e+00,  0.0000e+00,  0.0000e+00,  0.0000e+00,\n",
      "           0.0000e+00],\n",
      "         [ 6.1675e-03, -9.9677e-02, -2.0125e-01,  0.0000e+00,  5.6306e-01,\n",
      "           3.7480e-01,  6.7225e-01,  0.0000e+00,  9.3404e-01,  0.0000e+00,\n",
      "           0.0000e+00,  0.0000e+00, -1.8905e-01,  0.0000e+00,  0.0000e+00,\n",
      "           0.0000e+00],\n",
      "         [ 0.0000e+00,  0.0000e+00,  0.0000e+00,  0.0000e+00,  0.0000e+00,\n",
      "           0.0000e+00,  0.0000e+00,  0.0000e+00,  0.0000e+00,  0.0000e+00,\n",
      "           0.0000e+00,  0.0000e+00,  0.0000e+00,  0.0000e+00,  0.0000e+00,\n",
      "           0.0000e+00],\n",
      "         [ 0.0000e+00,  0.0000e+00,  0.0000e+00,  0.0000e+00,  0.0000e+00,\n",
      "           0.0000e+00,  0.0000e+00,  0.0000e+00,  0.0000e+00,  0.0000e+00,\n",
      "           0.0000e+00,  0.0000e+00,  0.0000e+00,  0.0000e+00,  0.0000e+00,\n",
      "           0.0000e+00],\n",
      "         [ 0.0000e+00,  0.0000e+00,  0.0000e+00,  0.0000e+00,  0.0000e+00,\n",
      "           0.0000e+00,  0.0000e+00,  0.0000e+00,  0.0000e+00,  0.0000e+00,\n",
      "           0.0000e+00,  0.0000e+00,  0.0000e+00,  0.0000e+00,  0.0000e+00,\n",
      "           0.0000e+00],\n",
      "         [ 6.1675e-03, -9.9677e-02,  2.0125e-01,  0.0000e+00,  5.6306e-01,\n",
      "           3.7480e-01, -6.7225e-01,  0.0000e+00, -1.8905e-01,  0.0000e+00,\n",
      "           0.0000e+00,  0.0000e+00,  9.3404e-01,  0.0000e+00,  0.0000e+00,\n",
      "           0.0000e+00],\n",
      "         [ 0.0000e+00,  0.0000e+00,  0.0000e+00,  0.0000e+00,  0.0000e+00,\n",
      "           0.0000e+00,  0.0000e+00,  0.0000e+00,  0.0000e+00,  0.0000e+00,\n",
      "           0.0000e+00,  0.0000e+00,  0.0000e+00,  0.0000e+00,  0.0000e+00,\n",
      "           0.0000e+00],\n",
      "         [ 0.0000e+00,  0.0000e+00,  0.0000e+00,  0.0000e+00,  0.0000e+00,\n",
      "           0.0000e+00,  0.0000e+00,  0.0000e+00,  0.0000e+00,  0.0000e+00,\n",
      "           0.0000e+00,  0.0000e+00,  0.0000e+00,  0.0000e+00,  0.0000e+00,\n",
      "           0.0000e+00],\n",
      "         [ 0.0000e+00,  0.0000e+00,  0.0000e+00,  0.0000e+00,  0.0000e+00,\n",
      "           0.0000e+00,  0.0000e+00,  0.0000e+00,  0.0000e+00,  0.0000e+00,\n",
      "           0.0000e+00,  0.0000e+00,  0.0000e+00,  0.0000e+00,  0.0000e+00,\n",
      "           0.0000e+00]],\n",
      "\n",
      "        [[ 1.9076e+00, -2.7516e-01,  0.0000e+00,  0.0000e+00,  1.3505e-01,\n",
      "          -2.8679e-01,  0.0000e+00,  0.0000e+00,  6.1675e-03,  0.0000e+00,\n",
      "           0.0000e+00,  0.0000e+00,  6.1675e-03,  0.0000e+00,  0.0000e+00,\n",
      "           0.0000e+00],\n",
      "         [-2.7516e-01,  1.1585e+00,  0.0000e+00,  0.0000e+00,  5.0981e-01,\n",
      "          -7.8702e-01,  0.0000e+00,  0.0000e+00, -9.9677e-02,  0.0000e+00,\n",
      "           0.0000e+00,  0.0000e+00, -9.9677e-02,  0.0000e+00,  0.0000e+00,\n",
      "           0.0000e+00],\n",
      "         [ 0.0000e+00,  0.0000e+00,  1.9076e+00,  0.0000e+00,  0.0000e+00,\n",
      "           0.0000e+00,  3.0857e-01,  0.0000e+00, -2.0125e-01,  0.0000e+00,\n",
      "           0.0000e+00,  0.0000e+00,  2.0125e-01,  0.0000e+00,  0.0000e+00,\n",
      "           0.0000e+00],\n",
      "         [ 0.0000e+00,  0.0000e+00,  0.0000e+00,  1.2997e+00,  0.0000e+00,\n",
      "           0.0000e+00,  0.0000e+00,  9.5404e-01,  0.0000e+00,  0.0000e+00,\n",
      "           0.0000e+00,  0.0000e+00,  0.0000e+00,  0.0000e+00,  0.0000e+00,\n",
      "           0.0000e+00],\n",
      "         [ 1.3505e-01,  5.0981e-01,  0.0000e+00,  0.0000e+00,  1.2808e+00,\n",
      "           9.4670e-02,  0.0000e+00,  0.0000e+00,  5.6306e-01,  0.0000e+00,\n",
      "           0.0000e+00,  0.0000e+00,  5.6306e-01,  0.0000e+00,  0.0000e+00,\n",
      "           0.0000e+00],\n",
      "         [-2.8679e-01, -7.8702e-01,  0.0000e+00,  0.0000e+00,  9.4670e-02,\n",
      "           9.0820e-01,  0.0000e+00,  0.0000e+00,  3.7480e-01,  0.0000e+00,\n",
      "           0.0000e+00,  0.0000e+00,  3.7480e-01,  0.0000e+00,  0.0000e+00,\n",
      "           0.0000e+00],\n",
      "         [ 0.0000e+00,  0.0000e+00,  3.0857e-01,  0.0000e+00,  0.0000e+00,\n",
      "           0.0000e+00,  9.6928e-01,  0.0000e+00,  6.7225e-01,  0.0000e+00,\n",
      "           0.0000e+00,  0.0000e+00, -6.7225e-01,  0.0000e+00,  0.0000e+00,\n",
      "           0.0000e+00],\n",
      "         [ 0.0000e+00,  0.0000e+00,  0.0000e+00,  9.5404e-01,  0.0000e+00,\n",
      "           0.0000e+00,  0.0000e+00,  7.0033e-01,  0.0000e+00,  0.0000e+00,\n",
      "           0.0000e+00,  0.0000e+00,  0.0000e+00,  0.0000e+00,  0.0000e+00,\n",
      "           0.0000e+00],\n",
      "         [ 6.1675e-03, -9.9677e-02, -2.0125e-01,  0.0000e+00,  5.6306e-01,\n",
      "           3.7480e-01,  6.7225e-01,  0.0000e+00,  9.3404e-01,  0.0000e+00,\n",
      "           0.0000e+00,  0.0000e+00, -1.8905e-01,  0.0000e+00,  0.0000e+00,\n",
      "           0.0000e+00],\n",
      "         [ 0.0000e+00,  0.0000e+00,  0.0000e+00,  0.0000e+00,  0.0000e+00,\n",
      "           0.0000e+00,  0.0000e+00,  0.0000e+00,  0.0000e+00,  0.0000e+00,\n",
      "           0.0000e+00,  0.0000e+00,  0.0000e+00,  0.0000e+00,  0.0000e+00,\n",
      "           0.0000e+00],\n",
      "         [ 0.0000e+00,  0.0000e+00,  0.0000e+00,  0.0000e+00,  0.0000e+00,\n",
      "           0.0000e+00,  0.0000e+00,  0.0000e+00,  0.0000e+00,  0.0000e+00,\n",
      "           0.0000e+00,  0.0000e+00,  0.0000e+00,  0.0000e+00,  0.0000e+00,\n",
      "           0.0000e+00],\n",
      "         [ 0.0000e+00,  0.0000e+00,  0.0000e+00,  0.0000e+00,  0.0000e+00,\n",
      "           0.0000e+00,  0.0000e+00,  0.0000e+00,  0.0000e+00,  0.0000e+00,\n",
      "           0.0000e+00,  0.0000e+00,  0.0000e+00,  0.0000e+00,  0.0000e+00,\n",
      "           0.0000e+00],\n",
      "         [ 6.1675e-03, -9.9677e-02,  2.0125e-01,  0.0000e+00,  5.6306e-01,\n",
      "           3.7480e-01, -6.7225e-01,  0.0000e+00, -1.8905e-01,  0.0000e+00,\n",
      "           0.0000e+00,  0.0000e+00,  9.3404e-01,  0.0000e+00,  0.0000e+00,\n",
      "           0.0000e+00],\n",
      "         [ 0.0000e+00,  0.0000e+00,  0.0000e+00,  0.0000e+00,  0.0000e+00,\n",
      "           0.0000e+00,  0.0000e+00,  0.0000e+00,  0.0000e+00,  0.0000e+00,\n",
      "           0.0000e+00,  0.0000e+00,  0.0000e+00,  0.0000e+00,  0.0000e+00,\n",
      "           0.0000e+00],\n",
      "         [ 0.0000e+00,  0.0000e+00,  0.0000e+00,  0.0000e+00,  0.0000e+00,\n",
      "           0.0000e+00,  0.0000e+00,  0.0000e+00,  0.0000e+00,  0.0000e+00,\n",
      "           0.0000e+00,  0.0000e+00,  0.0000e+00,  0.0000e+00,  0.0000e+00,\n",
      "           0.0000e+00],\n",
      "         [ 0.0000e+00,  0.0000e+00,  0.0000e+00,  0.0000e+00,  0.0000e+00,\n",
      "           0.0000e+00,  0.0000e+00,  0.0000e+00,  0.0000e+00,  0.0000e+00,\n",
      "           0.0000e+00,  0.0000e+00,  0.0000e+00,  0.0000e+00,  0.0000e+00,\n",
      "           0.0000e+00]],\n",
      "\n",
      "        [[ 1.9705e+00, -1.6403e-01,  4.9195e-03,  7.8651e-16,  1.5982e-02,\n",
      "          -1.4869e-01, -2.6383e-02,  4.5458e-16,  3.5865e-02,  1.2700e-02,\n",
      "          -8.2246e-02, -5.7246e-17,  0.0000e+00,  0.0000e+00,  0.0000e+00,\n",
      "           0.0000e+00],\n",
      "         [-1.6403e-01,  6.5743e-01, -4.1387e-02,  3.0302e-15,  3.7847e-01,\n",
      "          -7.8614e-01, -8.7202e-03,  2.1207e-15,  8.7608e-02, -1.3003e-01,\n",
      "           2.6098e-01,  5.3197e-16,  0.0000e+00,  0.0000e+00,  0.0000e+00,\n",
      "           0.0000e+00],\n",
      "         [ 4.9195e-03, -4.1387e-02,  1.9723e+00, -5.0500e-16,  7.0383e-02,\n",
      "           1.7482e-02,  1.2027e-01,  1.2949e-17, -6.1059e-02,  1.0921e-01,\n",
      "           1.3248e-01, -1.2831e-16,  0.0000e+00,  0.0000e+00,  0.0000e+00,\n",
      "           0.0000e+00],\n",
      "         [ 7.8651e-16,  3.0302e-15, -5.0500e-16,  1.8913e+00,  9.1626e-16,\n",
      "           4.1421e-15,  2.3077e-15,  2.4656e-01, -1.9721e-15,  1.3555e-15,\n",
      "           4.7475e-15, -3.8046e-01,  0.0000e+00,  0.0000e+00,  0.0000e+00,\n",
      "           0.0000e+00],\n",
      "         [ 1.5982e-02,  3.7847e-01,  7.0383e-02,  9.1626e-16,  1.7515e+00,\n",
      "           7.6803e-02, -2.3671e-01, -4.7098e-17,  1.1845e-01, -1.1396e-01,\n",
      "          -4.4486e-01, -1.6764e-16,  0.0000e+00,  0.0000e+00,  0.0000e+00,\n",
      "           0.0000e+00],\n",
      "         [-1.4869e-01, -7.8614e-01,  1.7482e-02,  4.1421e-15,  7.6803e-02,\n",
      "           1.2363e+00, -6.5507e-02,  2.0966e-15,  1.5901e-01,  2.0422e-01,\n",
      "          -4.7597e-01,  1.7362e-16,  0.0000e+00,  0.0000e+00,  0.0000e+00,\n",
      "           0.0000e+00],\n",
      "         [-2.6383e-02, -8.7202e-03,  1.2027e-01,  2.3077e-15, -2.3671e-01,\n",
      "          -6.5507e-02,  1.3796e+00,  7.1589e-16,  2.8734e-01, -7.6771e-01,\n",
      "          -3.2929e-01, -9.9355e-17,  0.0000e+00,  0.0000e+00,  0.0000e+00,\n",
      "           0.0000e+00],\n",
      "         [ 4.5458e-16,  2.1207e-15,  1.2949e-17,  2.4656e-01, -4.7098e-17,\n",
      "           2.0966e-15,  7.1589e-16,  1.4406e+00, -5.6628e-16,  3.9831e-16,\n",
      "           1.3364e-15,  8.6318e-01,  0.0000e+00,  0.0000e+00,  0.0000e+00,\n",
      "           0.0000e+00],\n",
      "         [ 3.5865e-02,  8.7608e-02, -6.1059e-02, -1.9721e-15,  1.1845e-01,\n",
      "           1.5901e-01,  2.8734e-01, -5.6628e-16,  1.8403e+00,  2.6775e-01,\n",
      "           2.9597e-01, -1.0673e-16,  0.0000e+00,  0.0000e+00,  0.0000e+00,\n",
      "           0.0000e+00],\n",
      "         [ 1.2700e-02, -1.3003e-01,  1.0921e-01,  1.3555e-15, -1.1396e-01,\n",
      "           2.0422e-01, -7.6771e-01,  3.9831e-16,  2.6775e-01,  6.1579e-01,\n",
      "           3.2807e-01, -3.2004e-16,  0.0000e+00,  0.0000e+00,  0.0000e+00,\n",
      "           0.0000e+00],\n",
      "         [-8.2246e-02,  2.6098e-01,  1.3248e-01,  4.7475e-15, -4.4486e-01,\n",
      "          -4.7597e-01, -3.2929e-01,  1.3364e-15,  2.9597e-01,  3.2807e-01,\n",
      "           5.7637e-01, -6.7204e-16,  0.0000e+00,  0.0000e+00,  0.0000e+00,\n",
      "           0.0000e+00],\n",
      "         [-5.7246e-17,  5.3197e-16, -1.2831e-16, -3.8046e-01, -1.6764e-16,\n",
      "           1.7362e-16, -9.9355e-17,  8.6318e-01, -1.0673e-16, -3.2004e-16,\n",
      "          -6.7204e-16,  6.6806e-01,  0.0000e+00,  0.0000e+00,  0.0000e+00,\n",
      "           0.0000e+00],\n",
      "         [ 0.0000e+00,  0.0000e+00,  0.0000e+00,  0.0000e+00,  0.0000e+00,\n",
      "           0.0000e+00,  0.0000e+00,  0.0000e+00,  0.0000e+00,  0.0000e+00,\n",
      "           0.0000e+00,  0.0000e+00,  0.0000e+00,  0.0000e+00,  0.0000e+00,\n",
      "           0.0000e+00],\n",
      "         [ 0.0000e+00,  0.0000e+00,  0.0000e+00,  0.0000e+00,  0.0000e+00,\n",
      "           0.0000e+00,  0.0000e+00,  0.0000e+00,  0.0000e+00,  0.0000e+00,\n",
      "           0.0000e+00,  0.0000e+00,  0.0000e+00,  0.0000e+00,  0.0000e+00,\n",
      "           0.0000e+00],\n",
      "         [ 0.0000e+00,  0.0000e+00,  0.0000e+00,  0.0000e+00,  0.0000e+00,\n",
      "           0.0000e+00,  0.0000e+00,  0.0000e+00,  0.0000e+00,  0.0000e+00,\n",
      "           0.0000e+00,  0.0000e+00,  0.0000e+00,  0.0000e+00,  0.0000e+00,\n",
      "           0.0000e+00],\n",
      "         [ 0.0000e+00,  0.0000e+00,  0.0000e+00,  0.0000e+00,  0.0000e+00,\n",
      "           0.0000e+00,  0.0000e+00,  0.0000e+00,  0.0000e+00,  0.0000e+00,\n",
      "           0.0000e+00,  0.0000e+00,  0.0000e+00,  0.0000e+00,  0.0000e+00,\n",
      "           0.0000e+00]]], device='cuda:0')\n"
     ]
    }
   ],
   "source": [
    "print('\\n Density matrix:\\n', molecules.dm)"
   ]
  },
  {
   "cell_type": "code",
   "execution_count": 5,
   "id": "11adc003-5c2e-427d-ab14-534d7392e4c4",
   "metadata": {},
   "outputs": [
    {
     "data": {
      "text/plain": [
       "tensor([[[ 0.0000,  0.0000,  0.0000],\n",
       "         [ 1.2200,  0.0000,  0.0000],\n",
       "         [ 1.8200,  0.9400,  0.0000],\n",
       "         [ 1.8200, -0.9400,  0.0000]],\n",
       "\n",
       "        [[ 0.0000,  0.0000,  0.0000],\n",
       "         [ 1.2200,  0.0000,  0.0000],\n",
       "         [ 1.8200,  0.9400,  0.0000],\n",
       "         [ 1.8200, -0.9400,  0.0000]],\n",
       "\n",
       "        [[ 0.0000,  0.0000,  0.0000],\n",
       "         [ 1.2300,  0.0000,  0.0000],\n",
       "         [ 1.8200,  0.9400,  0.0000],\n",
       "         [ 0.0000,  0.0000,  0.0000]]], device='cuda:0', requires_grad=True)"
      ]
     },
     "execution_count": 5,
     "metadata": {},
     "output_type": "execute_result"
    }
   ],
   "source": [
    "molecules.coordinates"
   ]
  },
  {
   "cell_type": "code",
   "execution_count": null,
   "id": "58b1da90-2129-4fdf-be61-d82dc79953d4",
   "metadata": {},
   "outputs": [],
   "source": []
  }
 ],
 "metadata": {
  "kernelspec": {
   "display_name": "hipnn_1",
   "language": "python",
   "name": "hipnn_1"
  },
  "language_info": {
   "codemirror_mode": {
    "name": "ipython",
    "version": 3
   },
   "file_extension": ".py",
   "mimetype": "text/x-python",
   "name": "python",
   "nbconvert_exporter": "python",
   "pygments_lexer": "ipython3",
   "version": "3.9.16"
  },
  "vscode": {
   "interpreter": {
    "hash": "7eaf19b248fb632f60462f4259de56b0149d6a5aae8e26265fa4c03168ece137"
   }
  }
 },
 "nbformat": 4,
 "nbformat_minor": 5
}
